MSE: 0.555892
RMSE: 0.745581
R2: 0.575788
